1066
1067
1071
1073
1075
1076
1077
1078
1079
1080
1082
1083
1085
1086
1088
1089
1091
1092
1093
1098
1099
1101
1103
1104
1107
1108
1109
1110
1111
1112
1114
1115
1117
1118
1120
1122
1123
1124
1125
1128
1129
1130
1132
1133
1135
1136
1137
1138
1139
1140
1141
1144
1145
1146
1149
1150
1151
1153
1154
1155
1156
1163
1164
1167
1168
1169
1171
1172
1173
1176
1177
1179
1180
1182
1183
1184
1185
1188
1189
1192
1194
1195
1196
1197
1198
1199
1200
1202
1204
1205
1206
1207
1208
1211
1212
1213
1214
1215
1219
1220
1221
1222
1223
1225
1228
1229
1232
1233
1235
1236
1237
1238
1239
1240
1241
1242
1243
1244
1245
1247
1248
1249
1252
1253
1254
1257
1259
1260
1261
1262
1264
1265
1267
1268
1269
1271
1272
1273
1274
1276
1279
1280
1281
1282
1283
1284
1285
1286
1287
1289
1291
1292
1293
1294
1295
1298
1299
1300
1301
1303
1304
1309
1310
1311
1312
1313
1316
1317
1318
1320
1321
1322
1323
1324
1325
1326
1327
1328
1329
1330
1331
1332
1333
1334
1335
1336
1337
1339
1340
1341
1342
1345
1346
1350
1351
1355
1356
1357
1358
1359
1360
1364
1367
1369
1373
1374
1377
1378
1379
1380
1381
1384
1385
1386
