35200002
35200003
35200004
35200005
35200006
35200007
35200009
35200010
35200012
35200013
35200018
35200028
35200029
35200030
35200031
35200032
35200033
35200034
35200035
35200036
35200037
35200039
35200041
35200042
35200043
35200044
35200046
35200047
35200048
35200049
35200050
35200051
35200052
35200053
35200054
35200055
35200056
35200057
35200058
35200062
35200064
35200065
35200066
35200067
35200068
35200069
35200070
35200071
35200072
35200073
35200074
35200078
35200079
35200080
35200082
35200085
35200086
35200087
35200088
35200089
35200090
35200091
35200092
35200093
35200094
35200095
35200096
35200097
35200099
35200100
35200101
35200102
35200103
35200104
35200105
35200106
35200107
35200108
35200109
35200110
35200111
35200112
35200114
35200115
35200116
35200117
35200118
35200119
35200120
35200121
35200123
35200124
35200125
35200126
35200127
35200128
35200133
35200134
35200135
35200136
35200137
35200138
35200139
35200140
35200141
35200142
35200143
35200144
35200145
35200146
35200147
35200148
35200149
35200150
35200161
35200162
35200163
35200164
35200165
35200166
35200167
35200173
35200174
35200175
35200176
35200177
35200178
35200179
35200180
35200181
35200182
35200183
35200186
35200187
35200188
35200189
35200190
35200193
35200196
35200197
35200198
35200199
35200200
35200201
35200202
35200203
35200204
35200205
35200206
35200207
35200208
35200209
35200210
35200211
35200212
35200213
35200214
35200215
35200216
35200217
35200218
35200219
35200220
35200221
35200222
35200223
35200224
35200232
35200233
35200234
35200235
35200236
35200237
35200238
35200239
35200242
35200243
35200244
35200245
35200246
35200249
35200250
35200251
35200252
35200253
35200254
35200255
35200256
35200260
35200261
35200262
35200263
35200264
35200265
35200266
35200267
35200268
35200269
35200271
35200272
35200273
35200275
35200278
35200279
35200280
35200281
35200284
35200288
35200289
35200290
35200291
35200292
35200293
35200294
35200297
35200298
35200300
35200301
35200302
35200303
35200304
35200305
35200306
35200307
35200308
35200309
35200310
35200313
35200315
35200316
35200317
35200318
35200319
35200320
35200321
35200322
35200323
35200324
35200325
35200326
35200327
35200328
35200329
35200330
35200331
35200332
35200333
35200334
35200335
35200336
35200337
35200338
35200339
35200352
35200355
35200357
35200358
35200359
35200360
35200361
35200362
35200363
35200364
35200366
35200368
35200370
35200371
35200372
35200373
35200374
35200375
35200376
35200377
35200378
35200379
35200380
35200381
35200382
35200383
35200384
35200385
35200386
35200387
35200388
35200389
35200391
35200392
35200393
35200394
35200395
35200396
35200397
35200400
35200401
35200402
35200404
35200405
35200406
35200407
35200408
35200409
35200410
35200411
35200412
35200413
35200414
35200415
35200416
35200417
35200418
35200420
35200421
35200422
35200423
35200426
35200427
35200428
35200429
35200430
35200431
35200432
35200433
35200434
35200435
35200436
35200437
35200438
35200439
35200440
35200442
35200443
35200444
35200445
35200449
35200450
35200451
35200452
35200453
35200454
35200455
35200456
35200459
35200460
35200463
35200464
35200465
35200466
35200467
35200468
35200469
35200470
35200471
35200472
35200475
35200478
35200479
35200480
35200481
35200482
35200483
35200484
35200488
35200489
35200490
35200491
35200492
35200493
35200494
35200495
35200497
35200498
35200499
35200505
35200506
35200510
35200511
35200512
35200513
35200514
35200515
35200516
35200517
35200518
35200519
35200520
35200521
35200522
35200523
35200524
35200525
35200529
35200531
35200532
35200533
35200534
35200535
35200536
35200538
35200539
35200540
35200541
35200542
35200545
35200561
35200562
35200563
35200564
35200565
35200566
35200567
35200568
35200569
35200570
35200571
35200572
35200573
35200574
35200575
35200576
35200577
35200578
35200579
35200580
35200581
35200582
35200583
35200584
35200585
35200586
35200587
35200588
35200589
35200590
35200591
35200593
35200594
35200595
35200596
35200597
35200598
35200599
35200600
35200601
35200602
35200603
35200604
35200605
35200606
35200610
35200611
35200612
35200639
35200640
35200641
35200642
35200643
35200644
35200645
35200646
35200647
35200648
35200649
35200650
35200651
35200652
35200653
35200654
35200655
35200656
35200657
35200658
35200659
35200660
35200661
35200662
35200663
35200664
35200665
35200666
35200667
35200668
35200669
35200670
35200671
35200672
35200673
35200674
35200675
35200676
35200677
35200678
35200679
35200680
35200681
35200682
35200683
35200686
35200687
35200688
35200689
35200690
35200691
35200692
35200693
35200694
35200695
35200696
35200697
35200698
35200699
35200700
35200701
35200702
35200703
35200704
35200705
35200706
35200707
35200708
35200709
35200710
35200711
35200712
35200713
35200714
35200715
35200716
35200717
35200718
35200719
35200720
35200724
35200725
35200726
35200727
35200728
35200729
35200730
35200731
35200732
35200733
35200734
35200735
35200736
35200737
35200738
35200739
35200740
35200741
35200744
35200745
35200746
35200747
35200748
35200749
35200750
35200751
35200752
35200753
35200754
35200755
35200756
35200757
35200768
35200769
35200770
35200771
35200772
35200774
35200783
35200791
35200792
35200794
35200795
35200796
35200797
35200798
35200801
35200802
35200803
35200804
35200805
35200806
35200807
35200808
35200809
35200810
35200811
35200812
35200813
35200814
35200815
35200821
35200822
35200826
35200827
35200828
35200829
35200831
35200832
35200833
35200855
35200859
35200860
35200861
35200862
35200863
35200864
35200865
35200866
35200867
35200868
35200869
35200870
35200876
35200877
35200878
35200879
35200880
35200881
35200882
35200883
35200884
35200885
35200886
35200887
35200888
35200889
35200890
35200891
35200892
35200893
35200894
35200895
35200896
35200897
35200898
35200899
35200900
35200901
35200902
35200903
35200905
35200906
35200907
35200908
35200909
35200910
35200911
35200912
35200913
35200914
35200915
35200916
35200917
35200918
35200919
35200920
35200921
35200922
35200923
35200924
35200925
35200926
35200927
35200928
35200929
35200930
35200931
35200932
35200933
35200934
35200935
35200936
35200937
35200938
35200939
35200940
35200941
35200942
35200943
35200944
35200945
35200946
35200949
35200950
35200951
35200952
35200953
35200954
35200955
35200956
35200957
35200958
35200959
35200960
35200961
35200962
35200963
35200965
35200966
35200967
35200968
35200969
35200974
35200975
35200976
35200977
35200979
35200981
35200983
35200985
35200986
35200987
35200988
35200989
35200990
35200991
35200992
35200993
35200994
35200995
35200996
35200997
35200998
35200999
35201000
35201001
35201002
35201003
35201004
35201005
35201006
35201007
35201008
35201009
35201010
35201011
35201012
35201013
35201014
35201015
35201016
35201017
35201018
35201019
35201020
35201023
35201024
35201025
35201026
35201027
35201028
35201029
35201030
35201031
35201032
35201033
35201034
35201035
35201036
35201038
35201039
35201040
35201041
35201044
35201045
35201046
35201047
35201048
35201049
35201050
35201051
35201052
35201053
35201054
35201055
35201056
35201057
35201058
35201059
35201060
35201061
35201062
35201063
35201064
35201065
35201066
35201067
35201068
35201069
35201070
35201071
35201072
35201073
35201076
35201077
35201078
35201079
35201080
35201081
35201104
35201105
35201106
35201107
35201109
35201110
35201111
35201112
35201113
35201114
35201122
35201123
35201124
35201125
35201126
35201127
35201128
35201129
35201130
35201131
35201132
35201133
35201134
35201139
35201140
35201141
35201142
35201143
35201144
35201145
35201146
35201147
35201148
35201149
35201150
35201151
35201152
35201153
35201154
35201155
35201156
35201157
35201158
35201159
35201160
35201161
35201162
35201163
35201164
35201165
35201166
35201167
35201168
35201169
35201170
35201171
35201172
35201173
35201174
35201175
35201176
35201177
35201178
35201179
35201180
35201181
35201182
35201185
35201186
35201187
35201188
35201191
35201192
35201193
35201194
35201195
35201196
35201197
35201198
35201199
35201200
35201201
35201202
35201203
35201204
35201205
35201206
35201209
35201210
35201211
35201212
35201213
35201214
35201215
35201216
35201217
35201219
35201228
35201240
35201241
35201242
35201243
35201244
35201249
35201250
35201251
35201252
35201253
35201254
35201255
35201256
35201257
35201259
35201263
35201264
35201267
35201278
35201279
35201280
35201281
35201282
35201283
35201284
35201285
35201286
35201287
35201288
35201289
35201290
35201291
35201292
35201293
35201294
35201295
35201297
35201298
35201312
35201313
35201314
35201315
35201316
35201317
35201318
35201319
35201320
35201321
35201322
35201323
35201324
35201325
35201326
35201327
35201328
35201329
35201331
35201332
35201333
35201334
35201337
35201338
35201339
35201347
35201348
35201349
35201350
35201351
35201352
35201353
35201354
35201355
35201356
35201357
35201358
35201359
35201360
35201361
35201362
35201363
35201364
35201365
35201368
35201369
35201370
35201371
35201372
35201373
35201374
35201375
35201376
35201377
35201378
35201379
35201380
35201381
35201383
35201384
35201387
35201388
35201389
35201390
35201391
35201393
35201394
35201395
35201396
35201397
35201398
35201399
35201400
35201401
35201402
35201403
35201404
35201405
35201406
35201407
35201408
35201409
35201410
35201411
35201412
35201413
35201414
35201415
35201416
35201417
35201418
35201419
35201420
35201421
35201422
35201423
35201426
35201427
35201428
35201429
35201430
35201431
35201432
35201433
35201434
35201435
35201436
35201437
35201438
35201439
35201440
35201441
35201442
35201443
35201444
35201445
35201446
35201447
35201448
35201449
35201451
35201452
35201459
35201460
35201461
35201463
35201464
35201466
35201467
35201468
35201469
35201471
35201477
35201478
35201479
35201480
35201481
35201482
35201483
35201485
35201486
35201487
35201488
35201489
35201490
35201491
35201492
35201493
35201494
35201495
35201496
35201497
35201498
35201499
35201500
35201501
35201502
35201503
35201504
35201505
35201506
35201507
35201508
35201509
35201510
35201511
35201512
35201513
35201514
35201515
35201516
35201517
35201518
35201519
35201520
35201521
35201522
35201523
35201524
35201525
35201526
35201532
35201541
35201542
35201543
35201544
35201545
35201547
35201548
35201552
35201553
35201554
35201555
35201556
35201557
35201558
35201559
35201560
35201563
35201564
35201565
35201566
35201567
35201568
35201569
35201570
35201571
35201572
35201573
35201574
35201575
35201576
35201577
35201578
35201579
35201580
35201581
35201582
35201583
35201584
35201585
35201586
35201587
35201588
35201589
35201590
35201591
35201592
35201593
35201594
35201595
35201596
35201597
35201598
35201599
35201600
35201601
35201602
35201603
35201604
35201605
35201607
35201608
35201609
35201610
35201611
35201612
35201613
35201614
35201615
35201616
35201617
35201620
35201621
35201622
35201623
35201624
35201625
35201626
35201627
35201629
35201630
35201631
35201632
35201634
35201635
35201636
35201641
35201647
35201648
35201649
35201650
35201652
35201653
35201654
35201656
35201657
35201658
35201659
35201660
35201661
35201662
35201663
35201664
35201665
35201666
35201667
35201670
35201672
35201673
35201674
35201675
35201676
35201690
35201691
35201692
35201693
35201694
35201695
35201696
35201697
35201698
35201699
35201700
35201701
35201702
35201703
35201704
35201705
35201706
35201707
35201708
35201709
35201710
35201711
35201712
35201713
35201714
35201717
35201718
35201719
35201720
35201721
35201722
35201723
35201724
35201725
35201726
35201728
35201730
35201731
35201732
35201734
35201735
35201736
35201737
35201738
35201739
35201740
35201741
35201744
35201748
35201749
35201750
35201751
35201752
35201753
35201754
35201755
35201756
35201757
35201758
35201759
35201760
35201761
35201762
35201779
35201781
35201782
35201783
35201784
35201785
35201786
35201787
35201788
35201789
35201790
35201791
35201792
35201793
35201802
35201803
35201804
35201805
35201806
35201807
35201816
35201817
35201818
35201819
35201820
35201822
35201823
35201824
35201825
35201826
35201827
35201828
35201829
35201830
35201831
35201832
35201833
35201834
35201835
35201838
35201839
35201840
35201841
35201842
35201843
35201844
35201845
35201846
35201847
35201848
35201849
35201850
35201851
35201852
35201853
35201854
35201855
35201856
35201857
35201858
35201859
35201860
35201861
35201862
35201863
35201864
35201868
35201869
35201872
35201874
35201875
35201876
35201877
35201879
35201880
35201881
35201882
35201883
35201884
35201885
35201886
35201887
35201888
35201889
35201890
35201892
35201893
35201894
35201895
35201896
35201900
35201901
35201902
35201903
35201904
35201905
35201906
35201907
35201908
35201909
35201912
35201913
35201914
35201915
35201919
35201920
35201935
35201936
35201937
35201938
35201939
35201940
35201950
35201951
35201952
35201953
35201955
35201958
35201959
35201960
35201961
35201962
35201963
35201964
35201965
35201966
35201967
35201968
35201969
35201970
35201971
35201972
35201973
35201976
35201977
35201979
35201983
35201984
35201985
35201986
35201987
35201988
35201989
35201992
35201993
35201996
35201997
35201998
35201999
35202000
35202001
35202002
35202003
35202004
35202005
35202006
35202007
35202013
35202016
35202017
35202018
35202019
35202020
35202021
35202022
35202023
35202024
35202025
35202026
35202027
35202028
35202029
35202030
35202031
35202035
35202036
35202037
35202040
35202042
35202045
35202046
35202047
35202048
35202049
35202050
35202051
35202055
35202056
35202057
35202058
35202059
35202065
35202066
35202067
35202071
35202072
35202075
35202079
35202080
35202084
35202085
35202086
35202087
35202088
35202089
35202090
35202091
35202096
35202097
35202098
35202100
35202101
35202102
35202103
35202104
35202105
35202106
35202107
35202108
35202109
35202110
35202111
35202112
35202113
35202114
35202115
35202116
35202117
35202118
35202119
35202120
35202121
35202122
35202123
35202124
35202125
35202126
35202127
35202128
35202129
35202130
35202131
35202132
35202133
35202134
35202135
35202136
35202137
35202138
35202139
35202140
35202141
35202145
35202147
35202149
35202150
35202151
35202152
35202153
35202154
35202155
35202156
35202157
35202158
35202159
35202160
35202161
35202162
35202163
35202164
35202165
35202166
35202167
35202168
35202169
35202170
35202171
35202172
35202173
35202174
35202175
35202176
35202177
35202178
35202179
35202180
35202181
35202183
35202184
35202185
35202186
35202187
35202188
35202189
35202210
35202211
35202212
35202213
35202214
35202215
35202216
35202217
35202218
35202222
35202223
35202224
35202225
35202226
35202227
35202228
35202229
35202230
35202231
35202232
35202233
35202234
35202235
35202236
35202237
35202238
35202239
35202240
35202241
35202242
35202243
35202244
35202245
35202246
35202247
35202248
35202249
35202251
35202252
35202254
35202255
35202256
35202257
35202258
35202261
35202262
35202263
35202264
35202265
35202266
35202267
35202268
35202269
35202270
35202271
35202272
35202273
35202274
35202275
35202276
35202277
35202278
35202279
35202280
35202281
35202282
35202283
35202284
35202285
35202286
35202287
35202288
35202289
35202290
35202293
35202294
35202295
35202296
35202297
35202298
35202299
35202300
35202301
35202302
35202303
35202304
35202305
35202306
35202307
35202309
35202310
35202311
35202316
35202321
35202322
35202323
35202324
35202325
35202326
35202327
35202328
35202336
35202337
35202338
35202339
35202340
35202341
35202342
35202343
35202344
35202345
35202346
35202347
35202348
35202349
35202350
35202351
35202352
35202353
35202354
35202355
35202356
35202357
35202358
35202359
35202360
35202361
35202362
35202363
35202364
35202365
35202366
35202367
35202368
35202369
35202370
35202371
35202372
35202373
35202374
35202375
35202376
35202377
35202378
35202379
35202380
35202381
35202382
35202383
35202384
35202385
35202386
35202387
35202388
35202389
35202390
35202391
35202392
35202393
35202394
35202395
35202396
35202398
35202399
35202400
35202401
35202402
35202403
35202404
35202405
35202406
35202407
35202408
35202409
35202413
35202414
35202415
35202416
35202417
35202418
35202419
35202431
35202436
35202439
35202440
35202441
35202442
35202443
35202446
35202447
35202448
35202449
35202450
35202451
35202452
35202453
35202454
35202455
35202456
35202457
35202458
35202459
35202460
35202461
35202462
35202466
35202467
35202468
35202469
35202472
35202475
35202476
35202477
35202478
35202479
35202480
35202481
35202482
35202483
35202484
35202485
35202486
35202487
35202491
35202492
35202493
35202494
35202495
35202496
35202497
35202498
35202499
35202500
35202501
35202502
35202503
35202504
35202507
35202508
35202509
35202510
35202511
35202512
35202513
35202514
35202515
35202516
35202517
35202522
35202523
35202534
35202535
35202547
35202548
35202549
35202550
35202551
35202553
35202554
35202555
35202560
35202564
35202565
35202566
35202567
35202568
35202569
35202570
35202571
35202572
35202573
35202574
35202575
35202576
35202577
35202583
35202584
35202586
35202587
35202588
35202589
35202590
35202591
35202592
35202593
35202594
35202597
35202598
35202599
35202600
35202605
35202606
35202608
35202611
35202612
35202613
35202614
35202615
35202616
35202617
35202618
35202619
35202620
35202621
35202622
35202623
35202627
35202628
35202629
35202630
35202636
35202637
35202638
35202639
35202640
35202641
35202642
35202643
35202644
35202645
35202646
35202647
35202648
35202649
35202650
35202653
35202654
35202655
35202656
35202657
35202666
35202669
35202670
35202671
35202672
35202673
35202674
35202675
35202676
35202677
35202678
35202679
35202680
35202681
35202682
35202683
35202684
35202685
35202686
35202687
35202688
35202689
35202690
35202691
35202694
35202695
35202699
35202700
35202701
35202702
35202703
35202704
35202705
35202706
35202707
35202712
35202722
35202727
35202733
35202735
35202736
35202739
35202741
35202742
35202743
35202744
35202745
35202746
35202747
35202748
35202749
35202750
35202751
35202752
35202753
35202756
35202757
35202758
35202760
35202761
35202762
35202763
35202764
35202765
35202767
35202768
35202769
35202770
35202771
35202772
35202773
35202774
35202775
35202776
35202777
35202778
35202779
35202787
35202788
35202789
35202790
35202791
35202792
35202797
35202798
35202799
35202800
35202801
35202802
35202803
35202804
35202805
35202806
35202807
35202808
35202809
35202810
35202811
35202812
35202813
35202814
35202817
35202818
35202819
35202820
35202821
35202823
35202840
35202842
35202843
35202845
35202846
35202847
35202848
35202849
35202850
35202878
35202879
35202880
35202881
35202882
35202883
35202884
35202886
35202887
35202888
35202889
35202890
35202891
35202892
35202893
35202894
35202895
35202896
35202897
35202898
35202899
35202900
35202901
35202902
35202903
35202904
35202905
35202906
35202907
35202910
35202911
35202912
35202918
35202919
35202920
35202928
35202930
35202931
35202932
35202933
35202935
35202936
35202937
35202938
35202939
35202940
35202941
35202942
35202943
35202944
35202945
35202946
35202947
35202948
35202949
35202950
35202951
35202952
35202953
35202954
35202955
35202965
35202966
35202967
35202968
35202969
35202970
35202971
35202972
35202973
35202974
35202975
35202976
35202977
35202982
35202983
35202985
35202986
35202987
35202988
35202989
35202990
35202991
35202992
35202993
35202994
35202995
35202996
35202997
35202998
35202999
35203000
35203001
35203002
35203003
35203004
35203005
35203006
35203007
35203008
35203009
35203015
35203016
35203018
35203026
35203027
35203028
35203029
35203030
35203031
35203032
35203033
35203034
35203035
35203036
35203037
35203038
35203039
35203040
35203041
35203042
35203043
35203044
35203045
35203046
35203047
35203048
35203049
35203050
35203051
35203052
35203053
35203054
35203055
35203056
35203057
35203058
35203059
35203060
35203061
35203064
35203071
35203072
35203073
35203074
35203075
35203077
35203079
35203080
35203081
35203082
35203086
35203093
35203094
35203095
35203096
35203097
35203098
35203102
35203105
35203107
35203108
35203109
35203110
35203111
35203112
35203113
35203126
35203127
35203128
35203129
35203130
35203131
35203132
35203133
35203134
35203135
35203136
35203137
35203138
35203139
35203140
35203141
35203142
35203143
35203144
35203146
35203147
35203148
35203149
35203150
35203151
35203152
35203153
35203154
35203156
35203157
35203160
35203161
35203162
35203163
35203167
35203170
35203174
35203176
35203177
35203183
35203184
35203185
35203190
35203191
35203192
35203193
35203194
35203195
35203196
35203197
35203198
35203199
35203200
35203201
35203202
35203203
35203204
35203208
35203209
35203210
35203211
35203212
35203213
35203214
35203216
35203217
35203218
35203219
35203220
35203221
35203222
35203223
35203224
35203225
35203226
35203227
35203228
35203229
35203230
35203231
35203232
35203233
35203234
35203235
35203236
35203237
35203238
35203239
35203240
35203241
35203242
35203243
35203244
35203245
35203246
35203247
35203248
35203249
35203250
35203251
35203252
35203253
35203254
35203255
35203256
35203257
35203258
35203259
35203260
35203261
35203263
35203264
35203265
35203266
35203267
35203268
35203269
35203270
35203271
35203273
35203274
35203275
35203276
35203277
35203278
35203279
35203280
35203281
35203282
35203283
35203284
35203285
35203286
35203287
35203288
35203289
35203290
35203291
35203292
35203293
35203294
35203296
35203297
35203298
35203299
35203300
35203301
35203314
35203315
35203316
35203317
35203318
35203321
35203322
35203323
35203324
35203330
35203331
35203332
35203333
35203334
35203337
35203338
35203339
35203340
35203342
35203344
35203345
35203346
35203347
35203348
35203350
35203351
35203352
35203353
35203354
35203355
35203356
35203357
35203358
35203359
35203360
35203361
35203370
35203371
35203372
35203373
35203374
35203375
35203376
35203377
35203378
35203379
35203380
35203381
35203382
35203383
35203384
35203385
35203386
35203387
35203388
35203389
35203391
35203392
35203393
35203394
35203395
35203396
35203399
35203400
35203401
35203402
35203404
35203405
35203406
35203407
35203408
35203409
35203410
35203411
35203412
35203413
35203414
35203415
35203416
35203417
35203418
35203419
35203420
35203421
35203422
35203423
35203427
35203435
35203439
35203440
35203441
35203442
35203443
35203444
35203445
35203446
35203447
35203448
35203449
35203450
35203451
35203452
35203458
35203461
35203462
35203463
35203465
35203466
35203467
35203468
35203469
35203470
35203471
35203472
35203479
35203480
35203483
35203484
35203485
35203486
35203489
35203490
35203491
35203492
35203493
35203494
35203495
35203496
35203498
35203501
35203502
35203503
35203504
35203505
35203506
35203507
35203508
35203509
35203510
35203511
35203512
35203513
35203519
35203520
35203521
35203522
35203523
35203524
35203525
35203526
35203527
35203528
35203529
35203530
35203531
35203532
35203533
35203534
35203535
35203536
35203537
35203538
35203539
35203540
35203541
35203542
35203543
35203544
35203545
35203546
35203547
35203548
35203552
35203554
35203561
35203566
35203567
35203568
35203569
35203570
35203571
35203572
35203573
35203574
35203575
35203576
35203577
35203578
35203579
35203580
35203581
35203584
35203585
35203586
35203587
35203588
35203589
35203590
35203591
35203592
35203593
35203594
35203595
35203596
35203597
35203599
35203600
35203604
35203605
35203606
35203607
35203608
35203610
35203611
35203612
35203613
35203614
35203615
35203616
35203617
35203618
35203619
35203620
35203621
35203622
35203623
35203626
35203627
35203628
35203629
35203630
35203631
35203632
35203633
35203634
35203635
35203636
35203637
35203640
35203641
35203649
35203650
35203651
35203652
35203653
35203654
35203655
35203656
35203657
35203658
35203659
35203660
35203661
35203664
35203666
35203668
35203669
35203670
35203672
35203673
35203675
35203676
35203677
35203678
35203679
35203680
35203681
35203682
35203683
35203684
35203685
35203686
35203687
35203688
35203689
35203690
35203691
35203692
35203693
35203694
35203695
35203696
35203697
35203698
35203699
35203700
35203701
35203703
35203704
35203705
35203708
35203709
35203710
35203711
35203712
35203713
35203714
35203715
35203716
35203717
35203718
35203719
35203720
35203721
35203722
35203723
35203724
35203725
35203726
35203729
35203730
35203731
35203732
35203733
35203734
35203735
35203736
35203737
35203738
35203739
35203740
35203743
35203744
35203745
35203746
35203747
35203748
35203751
35203752
35203753
35203754
35203755
35203756
35203757
35203758
35203759
35203760
35203761
35203762
35203766
35203786
35203787
35203788
35203789
35203790
35203791
35203792
35203793
35203794
35203796
35203798
35203799
35203800
35203801
35203802
35203803
35203807
35203808
35203809
35203810
35203811
35203812
35203813
35203815
35203816
35203817
35203818
35203819
35203820
35203828
35203829
35203830
35203833
35203834
35203835
35203836
35203837
35203838
35203841
35203842
35203843
35203844
35203845
35203846
35203847
35203848
35203849
35203850
35203851
35203852
35203853
35203857
35203858
35203859
35203860
35203861
35203864
35203865
35203866
35203867
35203868
35203869
35203870
35203871
35203872
35203873
35203876
35203877
35203878
35203880
35203881
35203882
35203883
35203884
35203885
35203886
35203887
35203888
35203889
35203890
35203891
35203892
35203893
35203895
35203897
35203898
35203899
35203908
35203909
35203910
35203911
35203912
35203913
35203914
35203915
35203916
35203917
35203919
35203921
35203922
35203925
35203926
35203927
35203928
35203929
35203930
35203931
35203932
35203933
35203936
35203937
35203938
35203939
35203940
35203943
35203945
35203946
35203947
35203948
35203951
35203953
35203954
35203955
35203958
35203959
35203960
35203962
35203965
35203971
35203973
35203974
35203975
35203976
35203977
35203978
35203979
35203980
35203981
35203984
35203986
35203987
35203989
35203990
35203991
35203992
35203993
35203994
35203995
35203997
35203998
35204001
35204003
35204004
35204005
35204006
35204007
35204009
35204010
35204011
35204012
35204013
35204014
35204015
35204019
35204020
35204021
35204024
35204027
35204028
35204029
35204030
35204032
35204033
35204034
35204038
35204039
35204040
35204041
35204042
35204043
35204045
35204047
35204052
35204053
35204054
35204055
35204056
35204057
35204058
35204059
35204061
35204064
35204065
35204066
35204067
35204068
35204069
35204070
35204072
35204076
35204077
35204080
35204082
35204083
35204085
35204087
35204089
35204090
35204091
35204092
35204094
35204095
35204096
35204097
35204098
35204100
35204101
35204106
35204107
35204109
35204113
35204114
35204115
35204116
35204119
35204120
35204124
35204125
35204127
35204129
35204130
35204131
35204133
35204134
35204135
35204136
35204137
35204138
35204141
35204142
35204143
35204144
35204145
35204146
35204147
35204148
35204149
35204150
35204151
35204152
35204153
35204154
35204155
35204156
35204157
35204159
35204160
35204161
35204162
35204163
35204164
35204166
35204167
35204168
35204169
35204170
35204172
35204173
35204174
35204176
35204177
35204178
35204179
35204180
35204181
35204182
35204183
35204184
35204186
35204187
35204188
35204189
35204190
35204191
35204192
35204193
35204194
35204195
35204196
35204197
35204198
35204199
35204200
35204201
35204202
35204204
35204205
35204206
35204207
35204208
35204209
35204211
35204212
35204213
35204214
35204215
35204216
35204217
35204218
35204219
35204220
35204221
35204222
35204224
35204225
35204226
35204227
35204228
35204229
35204230
35204231
35204232
35204233
35204235
35204236
35204237
35204238
35204240
35204242
35204243
35204244
35204245
35204246
35204249
35204250
35204251
35204252
35204253
35204254
35204255
35204256
35204257
35204258
35204262
35204263
35204265
35204266
35204267
35204271
35204272
35204273
35204274
35204275
35204276
35204277
35204278
35204279
35204280
35204281
35204282
35204283
35204284
35204285
35204286
35204287
35204288
35204289
35204290
35204291
35204292
35204293
35204294
35204295
35204296
35204297
35204298
35204299
35204300
35204301
35204302
35204303
35204304
35204305
35204307
35204309
35204310
35204311
35204312
35204317
35204318
35204319
35204321
35204322
35204323
35204324
35204325
35204326
35204327
35204328
35204329
35204330
35204331
35204332
35204333
35204334
35204335
35204336
35204337
35204338
35204339
35204340
35204341
35204342
35204343
35204344
35204345
35204346
35204348
35204352
35204353
35204355
35204356
35204357
35204358
35204359
35204360
35204361
35204362
35204363
35204364
35204365
35204366
35204367
35204369
35204370
35204371
35204372
35204373
35204374
35204375
35204376
35204377
35204378
35204379
35204380
35204381
35204383
35204384
35204385
35204386
35204387
35204388
35204389
35204390
35204391
35204392
35204393
35204394
35204395
35204396
35204397
35204398
35204399
35204400
35204401
35204402
35204403
35204404
35204405
35204406
35204407
35204408
35204409
35204410
35204411
35204412
35204413
35204414
35204415
35204416
35204417
35204418
35204419
35204420
35204421
35204422
35204423
35204424
35204425
35204426
35204427
35204430
35204431
35204433
35204434
35204435
35204438
35204439
35204440
35204441
35204442
35204443
35204444
35204445
35204446
35204447
35204448
35204449
35204450
35204451
35204452
35204453
35204455
35204456
35204457
35204458
35204460
35204461
35204462
35204465
35204466
35204467
35204468
35204469
35204470
35204471
35204472
35204473
35204474
35204475
35204476
35204477
35204478
35204479
35204480
35204481
35204482
35204483
35204484
35204485
35204486
35204487
35204488
35204489
35204490
35204491
35204492
35204493
35204494
35204495
35204496
35204497
35204498
35204499
35204500
35204501
35204502
35204503
35204504
35204505
35204506
35204507
35204508
35204509
35204510
35204511
35204512
35204513
35204514
35204515
35204516
35204517
35204518
35204519
35204520
35204521
35204522
35204523
35204524
35204525
35204526
35204527
35204528
35204529
35204530
35204531
35204532
35204533
35204534
35204535
35204536
35204537
35204538
35204539
35204540
35204541
35204542
35204543
35204544
35204545
35204546
35204547
35204548
35204549
35204550
35204551
35204552
35204553
35204554
35204555
35204556
35204557
35204558
35204559
35204560
35204561
35204562
35204563
35204564
35204565
35204566
35204567
35204568
35204569
35204570
35204571
35204572
35204573
35204574
35204575
35204576
35204577
35204578
35204579
35204580
35204581
35204582
35204583
35204584
35204585
35204586
35204587
35204589
35204590
35204591
35204592
35204593
35204594
35204595
35204596
35204597
35204598
35204599
35204600
35204601
35204602
35204603
35204605
35204606
35204607
35204608
35204609
35204610
35204611
35204612
35204613
35204614
35204615
35204616
35204617
35204618
35204620
35204621
35204622
35204623
35204624
35204625
35204626
35204627
35204628
35204629
35204630
35204631
35204632
35204633
35204634
35204635
35204636
35204637
35204638
35204639
35204640
35204641
35204642
35204643
35204644
35204645
35204646
35204647
35204648
35204649
35204650
35204652
35204653
35204655
35204656
35204657
35204658
35204659
35204660
35204661
35204662
35204663
35204664
35204665
35204667
35204668
35204669
35204670
35204671
35204672
35204673
35204674
35204675
35204676
35204678
35204679
35204680
35204681
35204682
35204683
35204684
35204685
35204686
35204687
35204688
35204689
35204690
35204692
35204693
35204695
35204696
35204697
35204698
35204699
35204700
35204701
35204704
35204705
35204707
35204708
35204709
35204710
35204711
35204712
35204714
35204715
35204716
35204717
35204718
35204719
35204720
35204721
35204722
35204723
35204725
35204726
35204727
35204728
35204729
35204730
35204731
35204732
35204733
35204734
35204735
35204736
35204737
35204738
35204739
35204740
35204741
35204742
35204743
35204744
35204745
35204746
35204747
35204748
35204749
35204750
35204751
35204752
35204753
35204754
35204755
35204756
35204757
35204758
35204759
35204760
35204761
35204762
35204763
35204764
35204765
35204766
35204767
35204768
35204769
35204770
35204771
35204772
35204773
35204774
35204775
35204776
35204777
35204778
35204779
35204780
35204781
35204785
35204786
35204787
35204788
35204789
35204790
35204791
35204793
35204797
35204798
35204799
35204800
35204801
35204802
35204803
35204805
35204806
35204807
35204808
35204809
35204810
35204811
35204812
35204813
35204814
35204815
35204816
35204817
35204819
35204820
35204821
35204822
35204823
35204824
35204825
35204826
35204828
35204829
35204830
35204831
35204832
35204835
35204836
35204837
35204838
35204839
35204840
35204841
35204842
35204843
35204844
35204845
35204846
35204847
35204848
35204851
35204852
35204853
35204854
35204855
35204856
35204857
35204858
35204859
35204860
35204861
35204862
35204863
35204864
35204865
35204866
35204867
35204869
35204870
35204871
35204872
35204873
35204876
35204877
35204878
35204879
35204880
35204881
35204882
35204883
35204884
35204885
35204886
35204887
35204888
35204889
35204890
35204891
35204892
35204893
35204894
35204895
35204896
35204897
35204898
35204899
35204900
35204901
35204902
35204903
35204904
35204905
35204906
35204908
35204909
35204910
35204911
35204912
35204913
35204915
35204916
35204918
35204919
35204920
35204922
35204923
35204924
35204925
35204926
35204927
35204928
35204930
35204935
35204936
35204937
35204939
35204940
35204941
35204942
35204944
35204945
35204949
35204950
35204951
35204952
35204954
35204956
35204957
35204958
35204960
35204965
35204966
35204968
35204969
35204970
35204977
35204978
35204979
35204981
35204982
35204984
35204985
35204986
35204987
35204988
35204989
35204990
35204991
35204992
35204993
35204994
35204995
35204996
35204997
35204998
35204999
35205000
35205001
35205002
35205003
35205004
35205005
35205006
35205007
35205008
35205009
35205010
35205011
35205012
35205013
35205014
35205015
35205016
35205017
35205018
35205019
35205020
35205021
35205022
35205023
35205024
35205025
35205026
35205027
35205028
35205029
35205030
35205032
35205033
35205034
35205035
35205036
35205037
35205038
35205039
35205040
35205041
35205043
35205044
35205047
35205048
35205049
35205051
35205052
35205053
35205054
35205055
35205057
35205059
35205060
35205061
35205062
35205063
35205064
35205065
35205066
35205067
35205068
35205069
35180411
35180412
35180413
35180414
35180416
35180417
35180418
35180419
35180421
35180423
35180424
35180425
35180426
35180427
35180428
35180429
35180430
35180431
35180432
35180433
35180434
35180436
35180437
35180438
35180439
35180440
35180441
35180442
35180445
35180446
35180447
35180448
35180450
35180451
35180452
35180453
35180454
35180455
35180456
35180457
35180458
35180459
35180460
35180461
35180462
35180463
35180464
35180465
35180466
35180467
35180468
35180469
35180472
35180473
35180474
35180475
35180476
35180477
35180478
35180479
35180480
35180481
35180482
35180483
35180484
35180485
35180486
35180487
35180488
35180489
35180490
35180491
35180492
35180493
35180494
35180495
35180496
35180497
35180498
35180499
35180500
35180501
35180502
35180503
35180504
35180505
35180506
35180507
35180508
35180510
35180511
35180512
35180513
35180514
35180515
35180516
35180517
35180518
35180519
35180520
35180538
35180539
35180540
35180541
35180544
35180545
35180546
35180547
35180817
35180840
35180844
35180881
35180882
35180883
35180884
35180885
35180886
35180927
35180928
35180929
35181043
35181044
35181045
35181046
35181047
35181048
35181049
35181050
35181056
35181057
35181058
35181063
35181064
35181073
35181074
35181075
35181269
35181270
35181271
35181272
35180356
35180357
35180358
35180359
35180360
35180361
35180362
35180363
35180364
35180365
35180366
35180367
35180368
35180369
35180370
35180371
35180372
35180373
35180374
35180375
35180380
35180381
35180382
35180383
35180385
35180388
35180389
35180391
35180392
35180393
35180394
35180397
35180398
35180399
35180400
35180401
35180402
35180403
35180404
35180405
35180406
35180407
35180525
35180548
35180549
35180550
35180551
35180553
35180554
35180555
35180556
35180557
35180558
35180559
35180560
35180562
35180563
35180564
35180565
35180566
35180567
35180568
35180569
35180570
35180571
35180573
35180574
35180576
35180581
35180582
35180583
35180584
35180585
35180586
35180587
35180588
35180589
35180590
35180591
35180593
35180808
35180827
35180833
35180834
35180891
35180892
35180893
35180894
35180895
35180896
35180897
35180898
35180899
35180900
35180901
35180902
35180903
35180904
35180905
35180906
35180907
35180908
35180909
35180910
35180911
35180912
35180913
35180914
35180916
35180917
35180918
35180919
35180920
35180921
35180925
35180934
35180935
35180936
35180937
35180938
35180939
35180940
35180941
35180942
35180943
35181038
35181039
35181040
35181051
35181052
35181053
35181055
35181065
35181068
35181069
35181070
35181071
35181076
35181077
35181078
35181079
35181081
35181082
35181083
35181084
35181085
35181177
35181181
35181221
35181222
35181223
35181224
35181225
35181226
35181227
35181228
35181229
35181230
35181231
35181232
35181233
35181276
35181278
35181279
35181281
35181283
35181285
35181286
35181287
35181288
35181289
35181290
35180075
35180220
35180221
35180222
35180223
35180224
35180225
35180226
35180227
35180228
35180229
35180230
35180231
35180232
35180233
35180234
35180235
35180236
35180237
35180238
35180239
35180240
35180241
35180242
35180243
35180244
35180245
35180248
35180249
35180250
35180251
35180252
35180253
35180254
35180255
35180256
35180257
35180258
35180259
35180260
35180261
35180262
35180263
35180264
35180265
35180266
35180272
35180273
35180274
35180275
35180276
35180277
35180284
35180285
35180286
35180287
35180290
35180291
35180292
35180293
35180295
35180296
35180297
35180298
35180299
35180301
35180302
35180303
35180304
35180305
35180306
35180307
35180333
35180335
35180340
35180342
35180343
35180345
35180346
35180347
35180350
35180351
35180352
35180354
35180534
35180594
35180595
35180596
35180597
35180598
35180599
35180600
35180601
35180602
35180603
35180604
35180605
35180606
35180801
35180802
35180816
35180820
35180821
35180822
35180823
35180825
35180835
35180836
35180837
35181015
35181016
35181017
35181018
35181019
35181020
35181021
35181022
35181023
35181024
35181089
35181091
35181092
35181093
35181097
35181099
35181100
35181101
35181102
35181103
35181104
35181105
35181106
35181122
35181123
35181124
35181125
35181126
35181127
35181128
35181136
35181137
35181138
35181139
35181140
35181141
35181142
35181143
35181144
35181145
35181146
35181147
35181148
35181149
35181150
35181151
35181152
35181153
35181154
35181155
35181156
35181157
35181158
35181159
35181160
35181161
35181162
35181163
35181168
35181169
35181170
35181171
35181172
35181173
35181175
35181209
35181210
35181211
35181212
35181213
35181214
35181215
35181216
35181217
35181219
35181220
35181245
35181247
35181249
35181250
35181251
35181252
35181253
35181254
35181255
35181273
35181274
35181275
35180086
35180087
35180091
35180094
35180097
35180098
35180099
35180101
35180102
35180103
35180104
35180107
35180108
35180109
35180112
35180113
35180114
35180115
35180116
35180117
35180118
35180121
35180122
35180123
35180124
35180125
35180126
35180127
35180128
35180129
35180130
35180131
35180132
35180135
35180137
35180140
35180141
35180142
35180143
35180144
35180145
35180146
35180147
35180148
35180149
35180150
35180151
35180152
35180153
35180154
35180155
35180156
35180157
35180158
35180159
35180160
35180161
35180162
35180166
35180167
35180169
35180170
35180171
35180172
35180173
35180174
35180175
35180177
35180179
35180180
35180181
35180182
35180183
35180184
35180185
35180186
35180187
35180188
35180189
35180190
35180191
35180192
35180193
35180194
35180195
35180196
35180197
35180198
35180199
35180200
35180201
35180202
35180203
35180204
35180205
35180206
35180207
35180208
35180209
35180210
35180211
35180212
35180213
35180214
35180215
35180216
35180217
35180218
35180219
35180309
35180310
35180311
35180312
35180313
35180314
35180315
35180316
35180317
35180318
35180319
35180320
35180321
35180322
35180324
35180325
35180326
35180327
35180328
35180329
35180330
35180331
35180336
35180337
35180338
35180339
35180607
35180608
35180609
35180611
35180613
35180614
35180615
35180616
35180617
35180618
35180619
35180620
35180621
35180622
35180623
35180624
35180625
35180626
35180627
35180628
35180629
35180630
35180631
35180632
35180633
35180634
35180635
35180636
35180637
35180638
35180639
35180640
35180641
35180642
35180643
35180644
35180645
35180646
35180647
35180648
35180649
35180650
35180651
35180667
35180668
35180669
35180670
35180671
35180672
35180688
35180689
35180690
35180767
35180768
35180769
35180770
35180771
35180772
35180773
35180774
35180775
35180776
35180777
35180778
35180779
35180780
35180781
35180782
35180783
35180784
35180796
35180797
35180798
35180799
35180800
35180805
35180810
35180818
35180842
35180843
35181003
35181004
35181005
35181007
35181008
35181009
35181010
35181107
35181108
35181109
35181110
35181111
35181112
35181113
35181114
35181115
35181116
35181117
35181118
35181129
35181130
35181131
35181132
35181134
35181196
35181197
35181198
35181199
35181201
35181202
35181203
35181204
35181205
35181206
35181207
35181208
35181240
35181241
35181243
35181244
35181291
35181292
35181293
35181294
35181295
35181296
35181297
35181298
35181299
35181300
35180652
35180654
35180655
35180656
35180657
35180658
35180659
35180661
35180662
35180663
35180665
35180666
35180676
35180677
35180680
35180681
35180682
35180683
35180684
35180685
35180686
35180687
35180691
35180692
35180693
35180697
35180699
35180702
35180703
35180704
35180707
35180710
35180711
35180712
35180713
35180714
35180715
35180716
35180717
35180720
35180721
35180722
35180723
35180724
35180725
35180726
35180727
35180732
35180733
35180734
35180735
35180736
35180737
35180738
35180739
35180791
35180792
35180819
35180831
35180832
35180946
35180947
35180948
35180949
35180950
35180951
35180952
35180953
35180954
35180955
35180956
35180957
35180960
35180961
35180962
35180963
35180964
35180967
35180968
35180969
35180970
35180971
35180972
35180973
35180974
35180975
35180976
35180977
35180978
35180979
35180980
35180981
35180982
35180983
35180984
35180985
35180986
35180987
35180988
35180990
35180991
35180992
35180993
35180995
35180996
35180997
35180998
35181011
35181012
35181013
35181014
35181030
35181034
35181035
35181036
35181120
35181121
35181164
35181165
35181166
35181167
35181193
35181194
35181256
35181258
35181259
35181260
35181261
35181262
35181263
35181264
35181265
35181266
35181267
35181268
35180017
35180039
35180042
35180043
35180044
35180045
35180046
35180047
35180048
35180050
35180051
35180052
35180056
35180057
35180058
35180059
35180060
35180061
35180063
35180064
35180065
35180066
35180067
35180068
35180069
35180070
35180762
35180786
35181182
35181183
35181185
35181188
35181189
35181190
35181191
35181192
35181234
35181235
35181236
35180944
35180945
35180018
35180019
35180021
35180022
35180024
35180025
35180026
35180027
35180028
35180035
35180038
35180806
35180807
35180867
35180868
35180869
35180870
35180871
35180872
35180873
35180874
35180875
35180878
35180879
35180880
35180930
35180931
35180932
35180933
35180845
35180846
35180847
35180848
35180849
35180850
35180851
35180852
35180853
35180855
35180856
35180857
35180858
35180859
35180860
35180861
35180862
35180863
35180864
35180865
35180866
35180876
35180877
35181237
35181238
35190181
35190182
35190183
35190184
35190186
35190187
35190188
35190189
35190192
35190195
35190196
35190197
35190199
35190200
35190202
35190205
35190207
35190208
35190209
35190210
35190211
35190212
35190213
35190214
35190215
35190216
35190217
35190218
35190219
35190220
35190221
35190222
35190223
35190224
35190225
35190226
35190227
35190228
35190229
35190230
35190235
35190236
35190237
35190238
35190239
35190240
35190241
35190242
35190243
35190244
35190245
35190246
35190247
35190248
35190252
35190253
35190254
35190255
35190256
35190257
35190258
35190259
35190260
35190261
35190262
35190263
35190264
35190265
35190266
35190267
35190268
35190269
35190270
35190271
35190272
35190273
35190274
35190275
35190276
35190277
35190278
35190279
35190280
35190281
35190282
35190283
35190284
35190285
35190286
35190287
35190288
35190289
35190290
35190291
35190292
35190293
35190294
35190295
35190296
35190297
35190300
35190301
35190302
35190303
35190304
35190305
35190306
35190307
35190308
35190309
35190310
35190320
35190326
35190327
35190328
35190329
35190332
35190334
35190336
35190337
35190338
35190339
35190340
35190341
35190342
35190343
35190344
35190345
35190346
35190347
35190348
35190349
35190350
35190351
35190352
35190353
35190354
35190355
35190356
35190357
35190358
35190359
35190360
35190364
35190365
35190366
35190367
35190370
35190782
35190795
35190796
35190797
35190798
35190800
35190801
35190802
35190803
35190804
35190805
35190807
35190809
35190810
35190811
35190812
35190813
35190814
35190816
35190817
35190818
35190821
35190822
35190824
35190825
35190844
35191002
35191003
35191004
35191006
35191007
35191014
35191015
35191016
35191037
35191044
35191045
35191052
35191053
35191054
35191055
35191056
35191057
35191058
35191063
35191070
35191071
35191072
35191073
35191074
35191075
35191097
35191098
35191099
35191100
35191115
35191116
35191117
35191118
35191119
35191120
35191121
35191123
35191124
35191125
35191126
35191127
35191128
35191129
35191130
35191131
35191132
35191144
35191145
35191239
35191240
35191241
35191242
35191243
35191246
35191250
35191252
35191253
35191254
35191255
35191256
35191257
35191258
35191259
35191260
35191261
35191262
35191263
35191264
35191266
35191267
35191268
35191269
35191270
35191271
35191281
35191282
35191287
35191288
35191289
35191290
35191296
35191297
35191298
35191302
35191303
35191311
35191312
35191313
35191314
35191315
35191316
35191317
35191318
35191319
35191320
35191321
35191322
35191323
35191324
35191325
35191326
35191328
35191329
35191330
35191331
35191332
35191333
35191334
35191347
35191348
35191349
35191350
35191351
35191352
35190311
35190312
35190313
35190316
35190317
35190318
35190371
35190372
35190373
35190374
35190375
35190376
35190377
35190378
35190379
35190380
35190381
35190382
35190383
35190384
35190385
35190389
35190390
35190391
35190392
35190393
35190394
35190395
35190396
35190397
35190398
35190401
35190403
35190404
35190405
35190406
35190407
35190408
35190409
35190410
35190411
35190412
35190413
35190414
35190415
35190416
35190417
35190418
35190419
35190420
35190421
35190422
35190423
35190424
35190425
35190426
35190427
35190428
35190429
35190430
35190431
35190432
35190433
35190561
35190562
35190563
35190564
35190565
35190566
35190567
35190568
35190569
35190570
35190571
35190572
35190573
35190575
35190576
35190577
35190578
35190581
35190583
35190584
35190585
35190586
35190587
35190588
35190589
35190590
35190591
35190592
35190593
35190594
35190595
35190596
35190598
35190599
35190600
35190601
35190602
35190603
35190604
35190605
35190606
35190607
35190608
35190609
35190610
35190611
35190612
35190613
35190614
35190615
35190616
35190617
35190619
35190620
35190621
35190622
35190623
35190624
35190625
35190626
35190627
35190628
35190629
35190630
35190631
35190632
35190633
35190634
35190635
35190636
35190637
35190639
35190640
35190641
35190642
35190643
35190644
35190645
35190646
35190647
35190648
35190649
35190650
35190651
35190652
35190654
35190656
35190657
35190658
35190659
35190660
35190661
35190663
35190664
35190665
35190666
35190667
35190668
35190669
35190670
35190671
35190672
35190673
35190674
35190675
35190676
35190680
35190681
35190683
35190684
35190685
35190686
35190687
35190688
35190689
35190690
35190691
35190692
35190693
35190694
35190695
35190696
35190697
35190698
35190700
35190702
35190703
35190704
35190705
35190706
35190707
35190708
35190709
35190710
35190711
35190712
35190713
35190714
35190715
35190716
35190717
35190718
35190720
35190721
35190722
35190723
35190724
35190725
35190726
35190727
35190728
35190729
35190730
35190731
35190732
35190733
35190734
35190735
35190736
35190737
35190738
35190739
35190740
35190741
35190742
35190743
35190744
35190746
35190747
35190748
35190749
35190750
35190751
35190752
35190753
35190754
35190756
35190759
35190761
35190762
35190763
35191017
35191018
35191019
35191020
35191021
35191022
35191023
35191024
35191046
35191059
35191077
35191078
35191079
35191080
35191081
35191082
35191083
35191084
35191085
35191086
35191087
35191105
35191106
35191107
35191108
35191109
35191110
35191111
35191112
35191113
35191114
35191143
35191166
35191168
35191169
35191171
35191174
35191175
35191176
35191177
35191178
35191179
35191180
35191181
35191182
35191183
35191184
35191185
35191186
35191187
35191188
35191189
35191190
35191191
35191192
35191193
35191194
35191195
35191196
35191197
35191198
35191199
35191200
35191201
35191202
35191203
35191204
35191205
35191206
35191207
35191208
35191209
35191211
35191212
35191213
35191214
35191215
35191216
35191217
35191218
35191219
35191220
35191272
35191273
35191275
35191276
35191279
35191280
35191292
35191293
35191294
35191295
35191353
35191354
35190434
35190435
35190436
35190437
35190438
35190439
35190440
35190441
35190442
35190443
35190444
35190445
35190446
35190447
35190448
35190453
35190454
35190455
35190457
35190458
35190459
35190460
35190463
35190464
35190465
35190466
35190467
35190468
35190469
35190470
35190471
35190472
35190473
35190474
35190475
35190476
35190477
35190480
35190481
35190482
35190483
35190484
35190485
35190486
35190487
35190488
35190489
35190490
35190491
35190492
35190493
35190494
35190495
35190496
35190497
35190498
35190499
35190500
35190501
35190502
35190503
35190504
35190505
35190506
35190507
35190508
35190511
35190512
35190513
35190514
35190515
35190516
35190517
35190518
35190519
35190520
35190521
35190522
35190525
35190526
35190527
35190528
35190529
35190530
35190531
35190532
35190533
35190534
35190537
35190538
35190539
35190540
35190541
35190542
35190543
35190544
35190545
35190546
35190547
35190548
35190549
35190550
35190551
35190552
35190553
35190554
35190558
35190559
35190768
35190769
35190771
35190772
35190773
35190776
35190777
35190778
35190779
35190780
35190826
35190827
35190828
35190829
35190830
35190831
35190832
35190833
35190834
35190835
35190836
35190837
35190838
35190839
35190840
35190841
35190842
35190846
35190847
35190848
35190849
35190850
35190851
35190852
35190853
35190854
35190855
35190856
35190857
35190858
35190859
35190860
35190861
35190862
35190864
35190866
35190867
35191013
35191032
35191033
35191035
35191038
35191039
35191040
35191041
35191042
35191043
35191047
35191060
35191061
35191062
35191064
35191088
35191089
35191101
35191102
35191103
35191104
35191136
35191137
35191138
35191139
35191140
35191141
35191142
35191221
35191222
35191223
35191225
35191226
35191227
35191228
35191229
35191230
35191231
35191232
35191233
35191234
35191235
35191237
35191304
35191305
35191309
35191310
35191339
35191340
35191344
35191346
35191363
35191364
35191365
35190767
35190949
35190958
35190959
35190960
35190961
35190962
35190963
35190964
35190965
35190966
35190967
35190968
35190969
35190970
35190971
35190972
35190973
35190974
35190976
35190977
35190979
35190980
35190981
35190982
35190983
35190985
35190986
35190987
35190988
35190989
35191093
35191283
35191284
35191285
35191286
35191355
35191356
35191357
35191358
35191359
35191360
35191361
35191362
35190123
35190124
35190125
35190126
35190127
35190128
35190129
35190130
35190131
35190132
35190133
35190136
35190137
35190138
35190139
35190140
35190141
35190142
35190143
35190144
35190145
35190146
35190147
35190148
35190149
35190150
35190151
35190152
35190153
35190154
35190155
35190158
35190159
35190160
35190161
35190162
35190163
35190164
35190165
35190166
35190869
35190870
35190871
35190872
35190874
35190875
35190876
35190877
35190878
35190996
35190997
35190998
35190999
35191000
35191001
35191051
35191068
35191069
35191307
35191308
35191341
35191343
35190102
35190103
35190104
35190105
35190106
35190107
35190108
35190109
35190110
35190111
35190112
35190113
35190114
35190115
35190117
35190118
35190119
35190120
35190121
35190880
35190881
35190882
35190883
35190884
35190885
35190886
35190887
35190888
35190889
35190890
35190891
35190892
35190893
35190894
35190895
35190896
35190897
35190898
35190899
35190900
35190901
35190902
35190905
35190906
35190907
35190908
35190910
35190911
35190912
35190913
35190914
35190915
35190916
35190917
35190918
35190919
35190920
35190921
35190922
35190923
35190924
35190925
35190926
35190927
35190928
35190929
35190930
35190931
35190932
35190933
35190934
35190935
35190936
35190937
35190938
35190939
35190940
35190941
35190942
35190943
35190944
35190946
35190947
35190948
35190950
35190951
35190952
35190953
35190954
35190955
35190956
35190957
35190995
35191026
35191027
35191031
35191090
35191091
35191133
35191134
35191135
35191299
35191300
35191301
35190100
35190122
35190157
35190167
35190168
35190170
35190175
35190176
35190177
35190178
35190179
35190180
35190783
35190784
35190785
35190786
35190787
35190788
35190789
35190790
35190791
35190792
35191153
35191154
35191155
35191156
35191157
35191158
35191159
35191160
35191161
35191162
35191163
35191164
35191165
35190066
35190067
35190068
35190069
35190070
35190071
35190072
35190073
35190074
35190075
35190076
35190077
35190078
35190079
35190080
35190081
35190082
35190083
35190084
35190085
35190086
35190087
35190088
35190089
35190090
35190091
35190092
35190093
35190094
35190095
35190096
35190097
35190098
35190099
35191010
35191011
35191012
35190002
35190003
35190004
35190005
35190006
35190009
35190011
35190012
35190013
35190015
35190016
35190017
35190018
35190019
35190020
35190021
35190022
35190026
35190027
35190028
35190029
35190030
35190031
35190032
35190033
35190034
35190035
35190036
35190037
35190041
35190042
35190043
35190044
35190045
35190046
35190047
35190048
35190049
35190050
35190051
35190052
35190053
35190054
35190055
35190056
35190057
35190058
35190059
35190061
35190062
35190065
35191049
35191050
35191066
35191067
35191095
35191096
35191146
35191147
35191148
35191149
35191150
35191151
35191152
35190001
35190039
35190040
35210239
35210240
35210241
35210242
35210243
35210244
35210245
35210246
35210247
35210248
35210249
35210252
35210253
35210255
35210256
35210261
35210262
35210263
35210264
35210265
35210266
35210267
35210268
35210269
35210270
35210271
35210272
35210273
35210274
35210275
35210276
35210277
35210278
35210279
35210280
35210281
35210282
35210293
35210294
35210295
35210296
35210298
35210299
35210300
35210301
35210302
35210303
35210304
35210305
35210306
35210307
35210308
35210309
35210310
35210311
35210312
35210313
35210314
35210315
35210316
35210317
35210318
35210319
35210320
35210321
35210322
35210323
35210324
35210326
35210327
35210328
35210329
35210330
35210331
35210332
35210333
35210334
35210335
35210338
35210345
35210346
35210347
35210348
35210349
35210350
35210351
35210352
35210353
35210354
35210355
35210356
35210357
35210358
35210359
35210360
35210361
35210362
35210363
35210364
35210365
35210368
35210369
35210370
35210371
35210372
35210373
35210374
35210375
35210376
35210377
35210378
35210379
35210380
35210381
35210384
35210385
35210386
35210387
35210388
35210389
35210390
35210391
35210392
35210393
35210394
35210395
35210396
35210397
35210398
35210399
35210400
35210401
35210402
35210403
35210404
35210405
35210406
35210407
35210408
35210409
35210410
35210411
35210412
35210413
35210414
35210415
35210416
35210417
35210418
35210419
35210420
35210421
35210424
35210425
35210426
35210427
35210428
35210429
35210430
35210431
35210432
35210434
35210435
35210436
35210437
35210438
35210439
35210440
35210441
35210442
35210443
35210444
35210445
35210446
35210448
35210449
35210450
35210451
35210452
35210456
35210457
35210458
35210459
35210462
35210465
35210467
35210468
35210473
35210474
35210475
35210479
35210480
35210481
35210482
35210483
35210486
35210487
35210488
35210489
35210490
35210491
35210492
35210493
35210494
35210495
35210496
35210497
35210498
35210501
35210502
35210503
35210504
35210505
35210506
35210507
35210508
35210509
35210510
35210511
35210512
35210513
35210514
35210515
35210516
35210517
35210520
35210521
35210522
35210526
35210528
35210530
35210531
35210532
35210533
35210536
35210537
35210539
35210542
35210543
35210545
35210547
35210550
35210551
35210552
35210553
35210554
35210555
35210556
35210557
35210558
35210559
35210561
35210564
35210565
35210566
35210567
35210569
35210570
35210571
35210572
35210573
35210574
35210575
35210576
35210577
35210578
35210579
35210580
35210583
35210584
35210585
35210587
35210588
35210589
35210590
35210591
35210592
35210593
35210598
35210601
35210602
35210603
35210604
35210605
35210606
35210607
35210609
35210610
35210611
35210612
35210613
35210614
35210615
35210616
35210617
35210618
35210621
35210625
35210626
35210632
35210633
35210634
35210635
35210638
35210639
35210640
35210641
35210642
35210644
35210645
35210646
35210647
35210651
35210652
35210653
35210655
35210656
35210657
35210659
35210660
35210661
35210662
35210663
35210664
35210665
35210666
35210667
35210668
35210669
35210672
35210673
35210674
35210675
35210676
35210679
35210680
35210681
35210682
35210683
35210685
35210686
35210689
35210690
35210691
35210692
35210693
35210694
35210695
35210696
35210697
35210698
35210699
35210700
35210701
35210703
35210704
35210705
35210706
35210707
35210708
35210709
35210710
35210711
35210714
35210715
35210716
35210717
35210718
35210719
35210720
35210721
35210722
35210723
35210724
35210725
35210726
35210727
35210730
35210732
35210733
35210734
35210735
35210736
35210737
35210738
35210739
35210740
35210741
35210742
35210743
35210747
35210748
35210749
35210750
35210751
35210752
35210753
35210754
35210755
35210756
35210757
35210758
35210759
35210764
35210766
35210772
35210773
35210774
35210775
35210776
35210777
35210778
35210779
35210781
35210782
35210783
35210784
35210785
35210786
35210787
35210788
35210789
35210790
35210791
35210792
35210793
35210794
35210795
35210796
35210797
35210798
35210799
35210800
35210801
35210802
35210803
35210804
35210806
35210807
35210808
35210809
35210811
35210812
35210815
35210816
35210826
35210827
35210828
35210829
35210830
35210831
35210832
35210833
35210834
35210835
35210836
35210837
35210838
35210839
35210840
35210841
35210842
35210843
35210844
35210845
35210846
35210847
35210848
35210849
35210850
35210851
35210852
35210855
35210862
35210876
35210878
35210886
35210887
35210889
35210890
35210891
35210896
35210897
35210898
35210899
35210900
35210901
35210902
35210903
35210905
35210906
35210908
35210910
35210911
35210912
35210913
35210914
35210922
35210923
35210926
35210927
35210928
35210929
35210930
35210931
35210932
35210933
35210934
35210935
35210936
35210937
35210938
35210939
35210940
35210941
35210942
35210943
35210944
35210945
35210946
35210947
35210948
35210949
35210951
35210952
35210953
35210954
35210955
35210956
35210957
35210958
35210959
35210961
35210964
35210967
35210970
35210972
35210973
35210974
35210975
35210976
35210977
35210981
35210984
35210985
35210989
35210993
35210996
35210997
35210998
35210999
35211000
35211001
35211003
35211005
35211006
35211007
35211008
35211009
35211010
35211011
35211013
35211014
35211016
35211017
35211018
35211019
35211021
35211022
35211023
35211024
35211025
35211031
35211033
35211034
35211035
35211036
35211037
35211038
35211039
35211044
35211046
35211052
35211053
35211054
35211055
35211056
35211057
35211058
35211059
35211060
35211061
35211065
35211066
35211067
35211068
35211069
35211070
35211071
35211072
35211073
35211074
35211077
35211078
35211079
35211080
35211081
35211082
35211083
35211084
35211085
35211086
35211087
35211088
35211089
35211090
35211091
35211092
35211093
35211094
35211095
35211096
35211097
35211098
35211099
35211102
35211103
35211104
35211105
35211106
35211107
35211108
35211109
35211110
35211111
35211112
35211113
35211114
35211336
35211337
35211338
35211339
35211415
35211416
35211417
35211419
35211421
35211422
35211425
35211426
35211428
35211430
35211432
35211439
35211440
35211442
35211443
35211444
35211446
35211447
35211448
35211459
35211464
35211465
35211466
35211473
35211474
35211475
35211476
35211477
35211478
35211479
35211480
35211481
35211482
35211484
35211485
35211486
35211487
35211488
35211489
35211490
35211491
35211492
35211493
35211496
35211505
35211506
35211507
35211508
35211509
35211510
35211511
35211513
35211514
35211515
35211516
35211517
35211518
35211519
35211520
35211521
35211522
35211523
35211524
35211525
35211526
35211527
35211559
35211561
35211565
35211566
35211567
35211568
35211590
35211591
35211592
35211593
35211597
35211598
35211599
35211696
35211697
35211702
35211718
35211719
35211720
35211721
35211723
35211724
35211725
35211726
35211727
35211728
35211729
35211730
35211731
35211732
35211733
35211734
35211735
35211737
35211738
35211739
35211740
35211741
35211742
35211743
35211744
35211745
35211746
35211747
35211814
35211815
35211816
35211817
35211818
35211819
35211820
35211821
35211822
35211823
35211824
35211825
35211828
35211830
35211831
35211832
35211833
35211834
35211835
35211836
35211837
35211838
35211839
35211840
35211841
35211842
35211843
35211844
35211845
35211847
35211848
35211849
35211850
35211851
35211852
35211853
35211854
35211855
35211856
35211857
35211859
35211860
35211861
35211863
35211864
35211868
35211923
35211924
35211925
35211926
35211927
35211928
35211930
35211931
35211932
35211933
35211934
35211935
35211936
35211937
35211938
35211939
35211940
35211942
35211944
35211945
35211946
35211947
35211948
35211949
35211950
35211951
35211952
35211953
35211954
35211955
35211956
35211957
35211958
35211959
35211960
35211965
35211966
35211967
35211968
35211969
35211970
35211971
35211972
35211975
35211976
35211977
35211978
35211979
35211981
35211983
35212005
35212006
35212007
35212009
35212011
35212012
35212013
35212014
35212021
35212022
35212023
35212024
35212025
35212044
35212045
35212050
35212051
35212052
35212053
35212059
35212060
35212062
35212074
35212075
35212076
35212077
35212078
35212079
35212080
35212081
35212082
35212083
35212086
35212087
35212088
35212094
35212095
35212100
35212101
35212102
35212103
35212106
35212107
35212108
35212109
35212110
35212111
35212112
35212113
35212114
35212115
35212116
35212117
35212118
35212120
35212121
35212141
35212275
35212276
35212278
35212280
35212282
35212283
35212284
35212285
35212286
35212287
35212290
35212291
35212292
35212293
35212294
35212295
35212296
35212297
35212298
35212299
35212300
35212301
35212302
35212303
35212304
35212305
35212306
35212307
35212308
35212309
35212310
35212311
35212312
35212313
35212314
35212315
35212316
35212317
35212318
35212319
35212320
35212321
35212322
35212323
35212324
35212325
35212326
35212327
35212328
35212329
35212330
35212331
35212332
35212333
35212334
35212335
35212336
35212337
35212358
35212359
35212360
35212361
35212366
35212367
35210023
35210024
35210025
35210026
35210027
35210028
35210029
35210030
35210031
35210032
35210033
35210034
35210035
35210036
35210037
35210041
35210042
35210043
35210044
35210045
35210046
35210047
35210048
35210049
35210050
35210051
35210052
35210053
35210054
35210055
35210057
35210058
35210059
35210060
35210061
35210063
35210065
35210066
35210067
35210068
35210069
35210070
35210071
35210072
35210073
35210074
35210075
35210076
35210077
35210078
35210079
35210080
35210081
35210082
35210083
35210090
35210094
35210095
35210096
35210097
35210098
35210099
35210100
35210104
35210105
35210106
35210107
35210108
35210109
35210110
35210111
35210112
35210113
35210114
35210115
35210116
35210117
35210118
35210119
35210120
35210121
35210122
35210124
35210125
35210130
35210131
35210132
35210133
35210145
35210146
35210147
35210148
35210151
35210152
35210153
35210154
35210155
35210156
35210157
35210158
35210159
35210160
35210161
35210162
35210163
35210164
35210165
35210166
35210167
35210168
35210169
35210170
35210171
35210172
35210173
35210174
35210175
35210176
35210177
35210178
35210179
35210180
35210181
35210182
35210183
35210186
35210187
35210188
35210189
35210190
35210191
35210192
35210193
35210194
35210195
35210198
35210199
35210204
35210205
35210206
35210207
35210208
35210209
35210210
35210211
35210212
35210213
35210214
35210215
35210216
35210217
35210218
35210219
35210220
35210221
35210222
35210223
35210224
35210225
35210226
35210227
35210228
35210229
35210231
35210233
35210234
35211120
35211121
35211122
35211123
35211124
35211125
35211126
35211127
35211128
35211130
35211131
35211132
35211133
35211134
35211135
35211136
35211137
35211138
35211140
35211141
35211142
35211143
35211144
35211145
35211146
35211147
35211148
35211149
35211150
35211151
35211152
35211155
35211156
35211158
35211159
35211160
35211162
35211170
35211174
35211176
35211177
35211179
35211180
35211181
35211182
35211183
35211227
35211228
35211229
35211230
35211231
35211232
35211242
35211243
35211244
35211245
35211246
35211248
35211249
35211250
35211254
35211255
35211256
35211257
35211258
35211259
35211262
35211263
35211264
35211265
35211266
35211267
35211268
35211269
35211270
35211271
35211272
35211273
35211274
35211275
35211276
35211277
35211278
35211281
35211282
35211283
35211284
35211285
35211286
35211287
35211288
35211289
35211290
35211291
35211292
35211293
35211294
35211297
35211310
35211312
35211313
35211316
35211317
35211318
35211319
35211320
35211321
35211322
35211323
35211324
35211325
35211349
35211350
35211351
35211352
35211353
35211354
35211355
35211356
35211357
35211358
35211359
35211362
35211363
35211364
35211365
35211366
35211367
35211369
35211370
35211371
35211375
35211376
35211394
35211397
35211399
35211403
35211405
35211407
35211454
35211455
35211471
35211472
35211497
35211498
35211499
35211501
35211502
35211528
35211529
35211530
35211531
35211532
35211533
35211534
35211535
35211536
35211537
35211538
35211546
35211547
35211548
35211549
35211550
35211551
35211552
35211553
35211554
35211555
35211556
35211557
35211558
35211569
35211570
35211571
35211572
35211573
35211574
35211575
35211576
35211577
35211578
35211579
35211581
35211582
35211583
35211584
35211585
35211586
35211587
35211588
35211600
35211601
35211648
35211652
35211656
35211657
35211658
35211661
35211663
35211664
35211665
35211666
35211667
35211668
35211669
35211670
35211672
35211673
35211675
35211676
35211677
35211678
35211679
35211680
35211681
35211682
35211683
35211684
35211685
35211686
35211687
35211693
35211695
35211698
35211699
35211704
35211705
35211706
35211707
35211708
35211711
35211712
35211713
35211714
35211715
35211748
35211749
35211750
35211751
35211754
35211755
35211756
35211757
35211758
35211760
35211761
35211762
35211763
35211764
35211765
35211766
35211767
35211768
35211769
35211770
35211772
35211774
35211775
35211776
35211777
35211778
35211779
35211780
35211781
35211782
35211783
35211784
35211785
35211788
35211790
35211791
35211792
35211793
35211794
35211795
35211796
35211797
35211801
35211802
35211803
35211804
35211805
35211806
35211808
35211809
35211812
35211871
35211873
35211874
35211875
35211876
35211877
35211878
35211879
35211880
35211881
35211882
35211885
35211887
35211888
35211890
35211891
35211892
35211893
35211894
35211895
35211896
35211897
35211898
35211899
35211900
35211901
35211903
35211904
35211905
35211906
35211907
35211908
35211909
35211910
35211911
35211912
35211913
35211914
35211915
35211916
35211919
35211920
35211921
35211990
35211991
35211993
35211995
35211996
35211997
35211998
35211999
35212000
35212001
35212002
35212003
35212004
35212026
35212027
35212028
35212029
35212030
35212031
35212032
35212033
35212034
35212035
35212036
35212037
35212039
35212040
35212041
35212042
35212046
35212047
35212048
35212049
35212054
35212055
35212066
35212069
35212070
35212071
35212072
35212084
35212085
35212089
35212090
35212091
35212096
35212098
35212099
35212104
35212122
35212123
35212124
35212125
35212126
35212127
35212128
35212129
35212132
35212133
35212135
35212136
35212137
35212139
35212144
35212146
35212147
35212148
35212155
35212156
35212157
35212158
35212159
35212160
35212163
35212165
35212166
35212168
35212169
35212170
35212174
35212175
35212177
35212178
35212180
35212182
35212184
35212185
35212186
35212189
35212191
35212192
35212193
35212194
35212195
35212196
35212197
35212198
35212199
35212200
35212201
35212202
35212203
35212204
35212205
35212206
35212207
35212208
35212209
35212211
35212212
35212213
35212214
35212215
35212216
35212217
35212218
35212219
35212220
35212221
35212222
35212223
35212224
35212225
35212226
35212227
35212228
35212229
35212230
35212231
35212232
35212233
35212234
35212235
35212236
35212237
35212238
35212239
35212240
35212241
35212242
35212243
35212244
35212245
35212246
35212247
35212248
35212249
35212250
35212251
35212252
35212253
35212254
35212255
35212256
35212257
35212258
35212259
35212260
35212261
35212262
35212265
35212266
35212267
35212268
35212269
35212270
35212271
35212272
35212342
35212343
35212344
35212345
35212346
35212347
35212348
35212349
35212350
35212351
35212352
35212353
35212354
35212355
35212356
35212357
35212362
35212363
35212364
35212365
35210001
35210002
35210003
35210004
35210011
35210013
35210014
35210015
35210017
35210018
35210019
35211196
35211205
35211206
35211207
35211209
35211210
35211211
35211215
35211216
35211218
35211221
35211222
35211223
35211224
35211251
35211253
35211386
35211539
35211540
35211542
35211543
35211544
35211545
35211602
35211603
35211604
35211605
35211606
35211607
35211608
35211609
35211611
35211612
35211613
35211614
35211615
35211616
35211617
35211618
35211619
35211620
35211621
35211622
35211623
35211624
35211626
35211627
35211628
35211629
35211630
35211631
35211632
35211633
35211634
35211635
35211636
35211637
35211638
35211639
35211640
35211641
35211642
35211643
35211644
35211645
35211646
35211647
35211961
35211962
35211963
35211964
35211984
35211985
35211986
35211987
35211988
35211989
35212273
35212274
35212288
35212289
35212368
35250030
35250031
35250032
35250033
35250034
35250035
35250036
35250037
35250038
35250039
35250040
35250041
35250042
35250043
35250044
35250045
35250046
35250047
35250048
35250049
35250050
35250051
35250052
35250053
35250054
35250055
35250056
35250059
35250060
35250061
35250062
35250065
35250066
35250067
35250070
35250073
35250074
35250075
35250077
35250078
35250079
35250080
35250081
35250082
35250083
35250084
35250085
35250086
35250087
35250088
35250089
35250093
35250094
35250095
35250096
35250097
35250098
35250099
35250100
35250101
35250102
35250105
35250106
35250107
35250108
35250109
35250110
35250111
35250112
35250113
35250114
35250115
35250116
35250117
35250118
35250119
35250120
35250121
35250122
35250123
35250124
35250125
35250126
35250127
35250128
35250129
35250130
35250133
35250134
35250135
35250136
35250137
35250144
35250145
35250147
35250148
35250149
35250150
35250151
35250152
35250153
35250156
35250158
35250159
35250160
35250161
35250162
35250163
35250164
35250172
35250173
35250175
35250176
35250177
35250178
35250179
35250180
35250181
35250183
35250184
35250185
35250186
35250188
35250189
35250190
35250191
35250192
35250193
35250194
35250196
35250197
35250200
35250201
35250202
35250203
35250204
35250205
35250206
35250207
35250208
35250209
35250210
35250211
35250212
35250213
35250216
35250217
35250218
35250221
35250222
35250223
35250224
35250225
35250226
35250227
35250230
35250231
35250232
35250233
35250234
35250238
35250239
35250240
35250241
35250242
35250243
35250248
35250249
35250250
35250251
35250254
35250255
35250256
35250257
35250258
35250259
35250260
35250261
35250262
35250263
35250264
35250265
35250266
35250267
35250269
35250270
35250271
35250272
35250273
35250274
35250275
35250276
35250277
35250278
35250279
35250280
35250281
35250282
35250283
35250284
35250285
35250286
35250287
35250288
35250289
35250290
35250291
35250293
35250294
35250295
35250296
35250297
35250298
35250299
35250300
35250302
35250303
35250304
35250305
35250306
35250307
35250308
35250309
35250310
35250311
35250312
35250313
35250315
35250316
35250317
35250318
35250319
35250320
35250321
35250322
35250323
35250324
35250326
35250327
35250328
35250329
35250330
35250331
35250332
35250333
35250334
35250335
35250336
35250337
35250338
35250339
35250340
35250341
35250342
35250343
35250344
35250345
35250346
35250347
35250348
35250349
35250350
35250351
35250352
35250353
35250354
35250355
35250356
35250357
35250358
35250359
35250360
35250361
35250362
35250363
35250364
35250365
35250366
35250367
35250368
35250369
35250370
35250371
35250372
35250373
35250374
35250375
35250376
35250377
35250378
35250379
35250380
35250381
35250382
35250383
35250384
35250385
35250387
35250388
35250389
35250390
35250391
35250392
35250393
35250394
35250395
35250396
35250397
35250398
35250399
35250400
35250401
35250402
35250403
35250404
35250405
35250406
35250407
35250408
35250409
35250410
35250411
35250412
35250413
35250416
35250417
35250418
35250419
35250420
35250421
35250422
35250423
35250424
35250425
35250426
35250427
35250428
35250429
35250430
35250431
35250434
35250435
35250436
35250437
35250438
35250439
35250440
35250441
35250442
35250443
35250444
35250445
35250446
35250447
35250448
35250449
35250450
35250451
35250452
35250453
35250454
35250455
35250456
35250457
35250458
35250459
35250460
35250461
35250462
35250463
35250464
35250465
35250466
35250467
35250468
35250471
35250472
35250473
35250474
35250475
35250476
35250477
35250478
35250479
35250480
35250481
35250482
35250483
35250484
35250485
35250486
35250487
35250488
35250489
35250490
35250491
35250492
35250493
35250494
35250495
35250496
35250497
35250498
35250499
35250501
35250502
35250503
35250504
35250506
35250507
35250508
35250509
35250510
35250511
35250512
35250513
35250514
35250515
35250516
35250517
35250518
35250519
35250520
35250521
35250522
35250523
35250524
35250525
35250526
35250527
35250528
35250529
35250530
35250531
35250532
35250533
35250534
35250535
35250536
35250537
35250538
35250539
35250540
35250541
35250542
35250545
35250546
35250547
35250548
35250549
35250550
35250551
35250552
35250553
35250554
35250555
35250556
35250557
35250558
35250559
35250560
35250561
35250562
35250563
35250564
35250565
35250566
35250567
35250568
35250569
35250570
35250571
35250572
35250573
35250574
35250578
35250579
35250580
35250581
35250582
35250583
35250585
35250586
35250587
35250588
35250589
35250590
35250591
35250592
35250593
35250594
35250595
35250596
35250597
35250598
35250599
35250600
35250601
35250602
35250603
35250604
35250605
35250606
35250607
35250608
35250609
35250610
35250611
35250612
35250613
35250614
35250615
35250616
35250617
35250618
35250619
35250620
35250621
35250622
35250623
35250624
35250625
35250626
35250627
35250628
35250629
35250630
35250631
35250632
35250633
35250634
35250635
35250636
35250637
35250638
35250639
35250640
35250641
35250642
35250643
35250644
35250645
35250646
35250647
35250648
35250649
35250650
35250651
35250652
35250655
35250656
35250657
35250658
35250659
35250661
35250662
35250663
35250664
35250665
35250666
35250667
35250668
35250669
35250670
35250671
35250672
35250675
35250676
35250677
35250678
35250679
35250680
35250681
35250692
35250693
35250694
35250695
35250696
35250700
35250701
35250702
35250703
35250704
35250705
35250706
35250707
35250708
35250709
35250710
35250711
35250712
35250713
35250714
35250715
35250716
35250717
35250718
35250719
35250720
35250721
35250724
35250725
35250726
35250727
35250728
35250729
35250730
35250731
35250732
35250733
35250734
35250735
35250736
35250737
35250738
35250739
35250740
35250741
35250742
35250743
35250744
35250745
35250746
35250747
35250748
35250749
35250750
35250753
35250754
35250755
35250756
35250757
35250758
35250759
35250760
35250761
35250762
35250763
35250764
35250765
35250766
35250767
35250768
35250769
35250770
35250771
35250772
35250773
35250774
35250775
35250776
35250777
35250778
35250779
35250780
35250781
35250782
35250783
35250784
35250785
35250786
35250787
35250788
35250789
35250790
35250791
35250792
35250793
35250798
35250799
35250800
35250801
35250802
35250803
35250805
35250806
35250807
35250810
35250812
35250813
35250814
35250815
35250826
35250827
35250828
35250829
35250830
35250831
35250832
35250833
35250834
35250835
35250836
35250843
35250845
35250846
35250847
35250848
35250849
35250850
35250852
35250853
35250854
35250855
35250857
35250859
35250861
35250862
35250863
35250864
35250865
35250866
35250867
35250868
35250869
35250870
35250871
35250872
35250873
35250874
35250875
35250876
35250877
35250878
35250879
35250880
35250881
35250882
35250883
35250884
35250885
35250886
35250887
35250888
35250889
35250890
35250893
35250894
35250895
35250896
35250897
35250898
35250899
35250900
35250901
35250902
35250903
35250904
35250905
35250906
35250907
35250908
35250909
35250910
35250911
35250912
35250913
35250914
35250918
35250919
35250920
35250922
35250923
35250924
35250925
35250928
35250929
35250930
35250931
35250932
35250933
35250934
35250935
35250936
35250937
35250938
35250939
35250940
35250941
35250942
35250943
35250944
35250945
35250946
35250949
35250950
35250951
35250953
35250954
35250955
35250956
35250957
35250958
35250959
35250960
35250961
35250962
35250964
35250965
35250966
35250967
35250968
35250969
35250970
35250971
35250972
35250973
35250974
35250975
35250976
35250978
35250980
35250981
35250982
35250983
35250985
35250986
35250987
35250988
35250989
35250990
35250991
35250992
35250993
35250994
35250995
35250996
35250997
35250998
35250999
35251000
35251001
35251002
35251003
35251004
35251005
35251006
35251007
35251008
35251009
35251010
35251011
35251012
35251013
35251014
35251015
35251016
35251017
35251018
35251019
35251020
35251021
35251023
35251024
35251025
35251026
35251027
35251028
35251029
35251030
35251031
35251032
35251033
35251035
35251036
35251037
35251038
35251039
35251040
35251041
35251042
35251043
35251044
35251045
35251046
35251047
35251048
35251049
35251051
35251052
35251053
35251054
35251055
35251056
35251058
35251059
35251060
35251062
35251064
35251065
35251066
35240098
35240099
35240100
35240101
35240102
35240104
35240105
35240106
35240107
35240108
35240109
35240110
35240111
35240112
35240113
35240114
35240115
35240116
35240117
35240118
35240120
35240123
35240124
35240125
35240126
35240127
35240128
35240129
35240130
35240131
35240132
35240134
35240135
35240136
35240137
35240138
35240139
35240140
35240141
35240142
35240143
35240144
35240145
35240146
35240147
35240148
35240150
35240152
35240153
35240154
35240155
35240156
35240157
35240158
35240159
35240160
35240161
35240162
35240165
35240166
35240167
35240168
35240169
35240170
35240171
35240172
35240173
35240174
35240175
35240176
35240177
35240179
35240180
35240181
35240182
35240184
35240188
35240189
35240192
35240193
35240194
35240195
35240196
35240197
35240198
35240199
35240200
35240201
35240202
35240203
35240204
35240205
35240206
35240207
35240208
35240209
35240210
35240211
35240212
35240213
35240214
35240215
35240216
35240217
35240218
35240219
35240220
35240221
35240222
35240223
35240224
35240225
35240226
35240227
35240228
35240229
35240230
35240231
35240232
35240233
35240234
35240235
35240236
35240237
35240238
35240239
35240240
35240241
35240242
35240243
35240244
35240245
35240246
35240247
35240248
35240249
35240250
35240251
35240252
35240253
35240254
35240255
35240256
35240257
35240258
35240259
35240263
35240265
35240266
35240267
35240268
35240269
35240270
35240271
35240272
35240273
35240274
35240275
35240276
35240277
35240278
35240279
35240280
35240281
35240282
35240284
35240285
35240286
35240287
35240288
35240289
35240290
35240291
35240292
35240293
35240297
35240298
35240299
35240301
35240302
35240303
35240304
35240305
35240307
35240510
35240577
35240578
35240579
35240580
35240581
35240582
35240583
35240584
35240585
35240586
35240587
35240588
35240589
35240600
35240601
35240602
35240604
35240605
35240606
35240607
35240608
35240609
35240610
35240611
35240612
35240613
35240614
35240615
35240616
35240619
35240620
35240688
35240689
35240691
35240695
35240696
35240697
35240698
35240699
35240700
35240701
35240705
35240706
35240707
35240708
35240709
35240710
35240711
35240712
35240713
35240714
35240715
35240716
35240760
35240761
35240762
35240765
35240766
35240767
35240768
35240769
35240770
35240771
35240772
35240773
35240774
35240776
35240777
35240779
35240786
35240787
35240788
35240789
35240790
35240816
35240817
35240818
35240819
35240820
35240849
35240850
35240851
35240852
35240853
35240854
35240855
35240857
35240858
35240859
35240861
35240952
35240953
35240954
35240955
35240956
35240957
35240958
35240959
35240960
35240961
35240962
35240963
35240964
35240965
35240966
35240967
35240968
35240969
35240970
35240978
35240979
35240980
35240981
35240982
35240983
35240984
35240985
35240986
35240987
35240988
35241030
35241031
35241034
35241035
35241036
35241045
35241046
35240317
35240318
35240319
35240320
35240321
35240322
35240323
35240324
35240325
35240326
35240327
35240328
35240329
35240330
35240331
35240332
35240333
35240334
35240335
35240336
35240337
35240338
35240339
35240340
35240341
35240342
35240343
35240344
35240345
35240346
35240347
35240348
35240349
35240350
35240351
35240352
35240353
35240354
35240355
35240356
35240357
35240358
35240359
35240363
35240364
35240365
35240366
35240367
35240368
35240369
35240370
35240371
35240372
35240373
35240374
35240375
35240376
35240377
35240378
35240379
35240380
35240381
35240382
35240383
35240384
35240385
35240386
35240387
35240388
35240391
35240392
35240393
35240394
35240395
35240396
35240398
35240399
35240400
35240401
35240402
35240403
35240404
35240405
35240406
35240409
35240410
35240411
35240412
35240413
35240414
35240417
35240420
35240421
35240422
35240423
35240425
35240427
35240428
35240429
35240431
35240432
35240433
35240436
35240437
35240438
35240439
35240440
35240441
35240442
35240443
35240444
35240445
35240446
35240447
35240448
35240449
35240450
35240451
35240452
35240453
35240455
35240459
35240460
35240461
35240462
35240463
35240464
35240465
35240466
35240467
35240468
35240469
35240470
35240471
35240472
35240473
35240474
35240475
35240476
35240477
35240478
35240479
35240480
35240481
35240482
35240483
35240484
35240485
35240486
35240487
35240488
35240489
35240490
35240491
35240492
35240493
35240494
35240495
35240496
35240497
35240498
35240499
35240501
35240503
35240504
35240505
35240506
35240507
35240508
35240509
35240512
35240513
35240516
35240517
35240518
35240519
35240520
35240521
35240522
35240523
35240524
35240525
35240526
35240528
35240529
35240530
35240531
35240532
35240533
35240534
35240535
35240536
35240537
35240538
35240539
35240540
35240541
35240542
35240543
35240544
35240545
35240546
35240590
35240591
35240592
35240593
35240594
35240595
35240596
35240641
35240642
35240643
35240644
35240645
35240647
35240648
35240649
35240650
35240651
35240654
35240655
35240656
35240659
35240660
35240661
35240662
35240663
35240664
35240665
35240666
35240667
35240668
35240669
35240670
35240671
35240672
35240673
35240674
35240675
35240676
35240677
35240678
35240679
35240681
35240682
35240683
35240684
35240685
35240686
35240756
35240757
35240758
35240759
35240780
35240782
35240783
35240785
35240807
35240808
35240809
35240903
35240904
35240907
35240910
35240911
35240912
35240916
35240918
35240950
35240951
35240974
35240975
35240976
35240977
35240989
35240990
35240991
35240992
35240994
35240999
35241000
35241032
35241033
35241037
35241038
35241039
35240050
35240051
35240052
35240053
35240054
35240055
35240056
35240057
35240058
35240059
35240060
35240061
35240063
35240064
35240065
35240066
35240067
35240068
35240069
35240070
35240071
35240073
35240074
35240075
35240076
35240077
35240078
35240079
35240081
35240082
35240083
35240084
35240085
35240086
35240087
35240552
35240630
35240631
35240632
35240633
35240634
35240635
35240636
35240637
35240638
35240639
35240640
35240724
35240728
35240731
35240791
35240792
35240793
35240821
35240822
35240823
35240824
35240825
35240826
35240827
35240828
35240829
35240830
35240831
35240832
35240865
35240866
35240867
35240868
35240869
35240870
35240871
35240872
35240873
35240874
35240875
35240876
35240877
35240878
35240879
35240880
35240881
35240882
35240883
35240884
35240885
35240886
35240887
35240888
35240889
35240890
35240891
35240892
35240893
35240894
35240895
35240896
35240897
35240922
35240931
35240932
35240933
35240934
35240935
35240937
35240938
35240939
35240940
35240942
35240943
35240945
35240948
35241001
35241004
35241005
35241006
35241009
35241011
35241012
35241015
35241017
35241018
35241019
35241022
35241023
35241024
35241025
35241026
35241027
35241040
35241041
35241042
35241043
35241044
35240003
35240004
35240005
35240006
35240007
35240010
35240012
35240013
35240014
35240015
35240016
35240026
35240027
35240028
35240029
35240030
35240031
35240032
35240033
35240034
35240035
35240036
35240037
35240562
35240563
35240564
35240565
35240566
35240567
35240568
35240569
35240570
35240571
35240572
35240573
35240617
35240621
35240622
35240623
35240624
35240625
35240626
35240627
35240628
35240629
35240729
35240730
35240732
35240736
35240737
35240738
35240739
35240741
35240742
35240744
35240745
35240746
35240752
35240753
35240754
35240755
35240795
35240796
35240797
35240798
35240799
35240800
35240801
35240802
35240803
35240804
35240805
35240806
35240810
35240811
35240812
35240813
35240814
35240815
35240834
35240835
35240836
35240837
35240838
35240839
35240840
35240841
35240842
35240843
35240844
35240845
35240846
35240862
35240863
35240864
35240949
35240971
35240972
35240973